64
40 40 30 35 35 26 15 40 40 40 40 40 40 40 40 40 40 40 40 40 40 40 40 43 42 42 41 10 4 40 40 40 40 40 40 40 40 40 40 40 40 40 40 25 39 46 40 10 4 40 40 37 18 17 16 15 40 40 40 40 40 40 40 40

15
40 40 40 40 40 37
35 35 30 26 25 18
17 16 15

26
46 43 42 42 41 40 
40 40 40 40 40 40 
40 40 40 40 37 35 
35 30 26 25 18 17 
16 15

6
8 3 5 7 7 2

60
40 40 40 40 40 40 40 40 40 40 40 40 40 40 40 40 40 40 40 40 40 40 40 40 40 40 40 40 40 40 40 40 40 40 40 40 40 40 40 40 40 40 40 40 40 40 40 40 40 40 40 40 40 40 40 40 40 40 40 40

4
1 2 3 4
6
8 8 6 4 2 2
5
1 1 1 1 1
4
9 9 2 2
3
3 2 1
7
49 48 47 46 45 44 43
7
3 4 5 5 5 5 13
7
2 7 7 7 7 10 20
6
1 2 3 11 11 20
7
63 2 44 12 60 35 60 
9
5 2 1 5 2 1 5 2 1

64
40 40 30 35 35 26 15 40 40 40 40 40 40 40 40 40 40 40 40 40 40 40 40 43 42 42 41 10 4 40 40 40 40 40 40 40 40 40 40 40 40 40 40 25 39 46 40 10 4 40 40 37 18 17 16 15 40 40 40 40 40 40 40 40

0